1 1051286
1 1041787
1 1041561
1 1027807
1 1015486
1 1016195
1 1014121
1 1015870
2 1014790
2 1021231
2 1014159
2 1016956
2 1009365
2 1026642
2 1071861
2 1018270
4 1002932
4 1021054
4 1010719
4 1015674
4 1005921
4 1011123
4 1000546
4 1022682
5 1030803
5 1127455
5 1068415
5 1006915
5 999921
5 1016270
5 1014700
5 986634
8 915639
8 918801
8 951328
8 948002
8 926955
8 926282
8 927173
8 994657
10 734719
10 736362
10 773434
10 852254
10 755957
10 688348
10 766175
10 850354
16 347476
16 352169
16 349310
16 364645
16 432314
16 422561
16 420855
16 420870
20 381303
20 355497
20 397761
20 417937
20 399753
20 477465
20 409218
20 413496
